var x,y,z,v,w;
procedure a;
var x,y,u,v;
procedure b;
var y,z,v;
procedure c;
var y,z;
begin
z:=1;
x:=y+z+w
end;
begin
y:=x+u+w;
call c
end;
begin
z:=2;
u:=z+w;
call b
end;
begin
x:=1; y:=2; z:=3; v:=4; w:=5;
x:=v+w;
write z;
call a;
end.

Assembly Code: 
Line    OP      L       M
0       JMP     0       96
1       JMP     0       69
2       JMP     0       42
3       JMP     0       12
4       INC     0       5
5       LIT     0       1
6       STO     0       4
7       LOD     0       3
8       LOD     0       4
9       ADD     0       1
10      LOD     3       7
11      ADD     0       1
12      STO     2       3
13      RTN     0       0
14      INC     0       6
15      LOD     1       3
16      LOD     1       5
17      ADD     0       1
18      LOD     2       7
19      ADD     0       1
20      STO     0       3
21      CAL     0       9
22      RTN     0       0
23      INC     0       7
24      LIT     0       2
25      STO     1       5
26      LOD     1       5
27      LOD     1       7
28      ADD     0       1
29      STO     0       5
30      CAL     0       6
31      RTN     0       0
32      INC     0       8
33      LIT     0       1
34      STO     0       3
35      LIT     0       2
36      STO     0       4
37      LIT     0       3
38      STO     0       5
39      LIT     0       4
40      STO     0       6
41      LIT     0       5
42      STO     0       7
43      LOD     0       6
44      LOD     0       7
45      ADD     0       1
46      STO     0       3
47      LOD     0       5
48      SYS     0       1
49      CAL     0       3
50      SYS     0       3

No errors, program is syntactically correct

                        PC      BP      SP      stack
Initial values:         0       153     152

    JMP  0      96      96      153     152
    INC  0      8       99      153     160     0 0 0 0 0 0 0 0 
    LIT  0      1       102     153     161     0 0 0 0 0 0 0 0 1 
    STO  0      3       105     153     160     0 0 0 1 0 0 0 0 
    LIT  0      2       108     153     161     0 0 0 1 0 0 0 0 2 
    STO  0      4       111     153     160     0 0 0 1 2 0 0 0 
    LIT  0      3       114     153     161     0 0 0 1 2 0 0 0 3 
    STO  0      5       117     153     160     0 0 0 1 2 3 0 0 
    LIT  0      4       120     153     161     0 0 0 1 2 3 0 0 4 
    STO  0      6       123     153     160     0 0 0 1 2 3 4 0 
    LIT  0      5       126     153     161     0 0 0 1 2 3 4 0 5 
    STO  0      7       129     153     160     0 0 0 1 2 3 4 5 
    LOD  0      6       132     153     161     0 0 0 1 2 3 4 5 4 
    LOD  0      7       135     153     162     0 0 0 1 2 3 4 5 4 5 
    ADD  0      1       138     153     161     0 0 0 1 2 3 4 5 9 
    STO  0      3       141     153     160     0 0 0 9 2 3 4 5 
    LOD  0      5       144     153     161     0 0 0 9 2 3 4 5 3 
Output result is: 3
    SYS  0      1       147     153     160     0 0 0 9 2 3 4 5 
    CAL  0      3       3       161     160     0 0 0 9 2 3 4 5 
    JMP  0      69      69      161     160     0 0 0 9 2 3 4 5 
    INC  0      7       72      161     167     0 0 0 9 2 3 4 5 | 153 153 150 0 0 0 0 
    LIT  0      2       75      161     168     0 0 0 9 2 3 4 5 | 153 153 150 0 0 0 0 2 
    STO  1      5       78      161     167     0 0 0 9 2 2 4 5 | 153 153 150 0 0 0 0 
    LOD  1      5       81      161     168     0 0 0 9 2 2 4 5 | 153 153 150 0 0 0 0 2 
    LOD  1      7       84      161     169     0 0 0 9 2 2 4 5 | 153 153 150 0 0 0 0 2 5 
    ADD  0      1       87      161     168     0 0 0 9 2 2 4 5 | 153 153 150 0 0 0 0 7 
    STO  0      5       90      161     167     0 0 0 9 2 2 4 5 | 153 153 150 0 0 7 0 
    CAL  0      6       6       168     167     0 0 0 9 2 2 4 5 | 153 153 150 0 0 7 0 
    JMP  0      42      42      168     167     0 0 0 9 2 2 4 5 | 153 153 150 0 0 7 0 
    INC  0      6       45      168     173     0 0 0 9 2 2 4 5 | 153 153 150 0 0 7 0 | 161 161 93 0 0 0 
    LOD  1      3       48      168     174     0 0 0 9 2 2 4 5 | 153 153 150 0 0 7 0 | 161 161 93 0 0 0 0 
    LOD  1      5       51      168     175     0 0 0 9 2 2 4 5 | 153 153 150 0 0 7 0 | 161 161 93 0 0 0 0 7 
    ADD  0      1       54      168     174     0 0 0 9 2 2 4 5 | 153 153 150 0 0 7 0 | 161 161 93 0 0 0 7 
    LOD  2      7       57      168     175     0 0 0 9 2 2 4 5 | 153 153 150 0 0 7 0 | 161 161 93 0 0 0 7 5 
    ADD  0      1       60      168     174     0 0 0 9 2 2 4 5 | 153 153 150 0 0 7 0 | 161 161 93 0 0 0 12 
    STO  0      3       63      168     173     0 0 0 9 2 2 4 5 | 153 153 150 0 0 7 0 | 161 161 93 12 0 0 
    CAL  0      9       9       174     173     0 0 0 9 2 2 4 5 | 153 153 150 0 0 7 0 | 161 161 93 12 0 0 
    JMP  0      12      12      174     173     0 0 0 9 2 2 4 5 | 153 153 150 0 0 7 0 | 161 161 93 12 0 0 
    INC  0      5       15      174     178     0 0 0 9 2 2 4 5 | 153 153 150 0 0 7 0 | 161 161 93 12 0 0 | 168 168 66 0 0 
    LIT  0      1       18      174     179     0 0 0 9 2 2 4 5 | 153 153 150 0 0 7 0 | 161 161 93 12 0 0 | 168 168 66 0 0 1 
    STO  0      4       21      174     178     0 0 0 9 2 2 4 5 | 153 153 150 0 0 7 0 | 161 161 93 12 0 0 | 168 168 66 0 1 
    LOD  0      3       24      174     179     0 0 0 9 2 2 4 5 | 153 153 150 0 0 7 0 | 161 161 93 12 0 0 | 168 168 66 0 1 0 
    LOD  0      4       27      174     180     0 0 0 9 2 2 4 5 | 153 153 150 0 0 7 0 | 161 161 93 12 0 0 | 168 168 66 0 1 0 1 
    ADD  0      1       30      174     179     0 0 0 9 2 2 4 5 | 153 153 150 0 0 7 0 | 161 161 93 12 0 0 | 168 168 66 0 1 1 
    LOD  3      7       33      174     180     0 0 0 9 2 2 4 5 | 153 153 150 0 0 7 0 | 161 161 93 12 0 0 | 168 168 66 0 1 1 5 
    ADD  0      1       36      174     179     0 0 0 9 2 2 4 5 | 153 153 150 0 0 7 0 | 161 161 93 12 0 0 | 168 168 66 0 1 6 
    STO  2      3       39      174     178     0 0 0 9 2 2 4 5 | 153 153 150 6 0 7 0 | 161 161 93 12 0 0 | 168 168 66 0 1 
    RTN  0      0       66      168     173     0 0 0 9 2 2 4 5 | 153 153 150 6 0 7 0 | 161 161 93 12 0 0 
    RTN  0      0       93      161     167     0 0 0 9 2 2 4 5 | 153 153 150 6 0 7 0 
    RTN  0      0       150     153     160     0 0 0 9 2 2 4 5 
    SYS  0      3       153     153     160     0 0 0 9 2 2 4 5 
